image: library_8_th_edit.pgm
resolution: 0.050000
origin: [-8.220320, -36.120056, 0.000000]
negate: 0
occupied_thresh: 0.65
free_thresh: 0.196

